1000.00    298.43    12.653
   50.0    298.45    12.63799      0.00      0.00
  100.0    298.47    12.62543      0.00      0.00
  150.0    298.49    12.60588      0.00      0.00
  200.0    298.51    12.59323      0.00      0.00
  250.0    298.53    12.57799      0.00      0.00
  300.0    298.54    12.56008      0.00      0.00
  350.0    298.56    12.54799      0.00      0.00
  400.0    298.58    12.53281      0.00      0.00
  450.0    298.60    12.51858      0.00      0.00
  500.0    298.62    12.50110      0.00      0.00
  550.0    298.64    12.49192      0.00      0.00
  600.0    298.66    12.47519      0.00      0.00
  650.0    298.68    12.45860      0.00      0.00
  700.0    298.70    12.44904      0.00      0.00
  750.0    298.72    12.43183      0.00      0.00
  800.0    298.74    12.42090      0.00      0.00
  850.0    298.76    12.40232      0.00      0.00
  900.0    298.78    12.38934      0.00      0.00
  950.0    298.80    12.37502      0.00      0.00
 1000.0    298.82    12.36533      0.00      0.00
 1050.0    298.84    12.35375      0.00      0.00
 1100.0    299.12    12.24187      0.00      0.00
 1150.0    299.40    12.13032      0.00      0.00
 1200.0    299.68    12.01915      0.00      0.00
 1250.0    299.96    11.90832      0.00      0.00
 1300.0    300.24    11.79785      0.00      0.00
 1350.0    300.51    11.68773      0.00      0.00
 1400.0    300.79    11.57233      0.00      0.00
 1450.0    301.07    11.46297      0.00      0.00
 1500.0    301.35    11.35400      0.00      0.00
 1550.0    301.63    11.24538      0.00      0.00
 1600.0    301.91    11.13712      0.00      0.00
 1650.0    302.19    11.02925      0.00      0.00
 1700.0    302.47    10.92173      0.00      0.00
 1750.0    302.74    10.81459      0.00      0.00
 1800.0    303.02    10.70259      0.00      0.00
 1850.0    303.30    10.59625      0.00      0.00
 1900.0    303.58    10.49028      0.00      0.00
 1950.0    303.86    10.37958      0.00      0.00
 2000.0    304.13    10.27446      0.00      0.00
 2050.0    304.41    10.16971      0.00      0.00
 2100.0    304.69    10.06536      0.00      0.00
 2150.0    304.96    9.95644      0.00      0.00
 2200.0    305.24    9.85293      0.00      0.00
 2250.0    305.52    9.74492      0.00      0.00
 2300.0    305.79    9.64225      0.00      0.00
 2350.0    305.89    9.17052      0.00      0.00
 2400.0    305.94    8.97529      0.00      0.00
 2450.0    305.99    8.75701      0.00      0.00
 2500.0    306.05    8.54683      0.00      0.00
 2550.0    306.10    8.34141      0.00      0.00
 2600.0    306.21    8.14093      0.00      0.00
 2650.0    306.34    7.94525      0.00      0.00
 2700.0    306.48    7.75423      0.00      0.00
 2750.0    306.61    7.56776      0.00      0.00
 2800.0    306.74    7.38570      0.00      0.00
 2850.0    306.88    7.20794      0.00      0.00
 2900.0    307.02    7.03438      0.00      0.00
 2950.0    307.16    6.86488      0.00      0.00
 3000.0    307.30    6.69935      0.00      0.00
 3050.0    307.44    6.53768      0.00      0.00
 3100.0    307.59    6.37978      0.00      0.00
 3150.0    307.73    6.22553      0.00      0.00
 3200.0    307.88    6.07485      0.00      0.00
 3250.0    308.03    5.92765      0.00      0.00
 3300.0    308.17    5.78382      0.00      0.00
 3350.0    308.33    5.64330      0.00      0.00
 3400.0    308.48    5.50599      0.00      0.00
 3450.0    308.63    5.37181      0.00      0.00
 3500.0    308.78    5.24069      0.00      0.00
 3550.0    308.94    5.11254      0.00      0.00
 3600.0    309.09    4.98729      0.00      0.00
 3650.0    309.25    4.86487      0.00      0.00
 3700.0    309.41    4.74521      0.00      0.00
 3750.0    309.57    4.62824      0.00      0.00
 3800.0    309.73    4.51390      0.00      0.00
 3850.0    309.89    4.40212      0.00      0.00
 3900.0    310.05    4.29284      0.00      0.00
 3950.0    310.21    4.18600      0.00      0.00
 4000.0    310.37    4.08154      0.00      0.00
 4050.0    310.54    3.97940      0.00      0.00
 4100.0    310.70    3.87954      0.00      0.00
 4150.0    310.86    3.78189      0.00      0.00
 4200.0    311.03    3.68641      0.00      0.00
 4250.0    311.20    3.59304      0.00      0.00
 4300.0    311.36    3.50174      0.00      0.00
 4350.0    311.53    3.41245      0.00      0.00
 4400.0    311.70    3.32514      0.00      0.00
 4450.0    311.87    3.23976      0.00      0.00
 4500.0    312.04    3.15626      0.00      0.00
 4550.0    312.20    3.07461      0.00      0.00
 4600.0    312.37    2.99475      0.00      0.00
 4650.0    312.54    2.91666      0.00      0.00
 4700.0    312.71    2.84030      0.00      0.00
 4750.0    312.88    2.76562      0.00      0.00
 4800.0    313.05    2.69259      0.00      0.00
 4850.0    313.23    2.62118      0.00      0.00
 4900.0    313.40    2.55134      0.00      0.00
 4950.0    313.57    2.48305      0.00      0.00
 5000.0    313.74    2.41628      0.00      0.00
 5050.0    313.91    2.35099      0.00      0.00
 5100.0    314.08    2.28715      0.00      0.00
 5150.0    314.25    2.22474      0.00      0.00
 5200.0    314.42    2.16371      0.00      0.00
 5250.0    314.59    2.10405      0.00      0.00
 5300.0    314.76    2.04573      0.00      0.00
 5350.0    314.94    1.98872      0.00      0.00
 5400.0    315.11    1.93299      0.00      0.00
 5450.0    315.28    1.87853      0.00      0.00
 5500.0    315.45    1.82529      0.00      0.00
 5550.0    315.62    1.77326      0.00      0.00
 5600.0    315.78    1.72242      0.00      0.00
 5650.0    315.95    1.67275      0.00      0.00
 5700.0    316.12    1.62421      0.00      0.00
 5750.0    316.29    1.57679      0.00      0.00
 5800.0    316.46    1.53047      0.00      0.00
 5850.0    316.62    1.48523      0.00      0.00
 5900.0    316.79    1.44104      0.00      0.00
 5950.0    316.96    1.39788      0.00      0.00
 6000.0    317.12    1.35575      0.00      0.00
 6050.0    317.29    1.31461      0.00      0.00
 6100.0    317.45    1.27445      0.00      0.00
 6150.0    317.61    1.23525      0.00      0.00
 6200.0    317.78    1.19699      0.00      0.00
 6250.0    317.94    1.15966      0.00      0.00
 6300.0    318.10    1.12323      0.00      0.00
 6350.0    318.26    1.08770      0.00      0.00
 6400.0    318.42    1.05305      0.00      0.00
 6450.0    318.58    1.01925      0.00      0.00
 6500.0    318.73    0.98630      0.00      0.00
 6550.0    318.89    0.95417      0.00      0.00
 6600.0    319.05    0.92286      0.00      0.00
 6650.0    319.20    0.89234      0.00      0.00
 6700.0    319.35    0.86261      0.00      0.00
 6750.0    319.50    0.83364      0.00      0.00
 6800.0    319.66    0.80543      0.00      0.00
 6850.0    319.81    0.77796      0.00      0.00
 6900.0    319.95    0.75122      0.00      0.00
 6950.0    320.10    0.72519      0.00      0.00
 7000.0    320.25    0.69986      0.00      0.00
 7050.0    320.39    0.67522      0.00      0.00
 7100.0    320.54    0.65125      0.00      0.00
 7150.0    320.68    0.62794      0.00      0.00
 7200.0    320.82    0.60528      0.00      0.00
 7250.0    320.96    0.58326      0.00      0.00
 7300.0    321.10    0.56186      0.00      0.00
 7350.0    321.23    0.54107      0.00      0.00
 7400.0    321.37    0.52089      0.00      0.00
 7450.0    321.50    0.50128      0.00      0.00
 7500.0    321.64    0.48226      0.00      0.00
 7550.0    321.77    0.46380      0.00      0.00
 7600.0    321.90    0.44590      0.00      0.00
 7650.0    322.02    0.42853      0.00      0.00
 7700.0    322.15    0.41170      0.00      0.00
 7750.0    322.27    0.39538      0.00      0.00
 7800.0    322.40    0.37958      0.00      0.00
 7850.0    322.52    0.36427      0.00      0.00
 7900.0    322.64    0.34945      0.00      0.00
 7950.0    322.76    0.33510      0.00      0.00
 8000.0    322.88    0.32123      0.00      0.00
 8050.0    322.99    0.30780      0.00      0.00
 8100.0    323.10    0.29483      0.00      0.00
 8150.0    323.22    0.28228      0.00      0.00
 8200.0    323.33    0.27016      0.00      0.00
 8250.0    323.44    0.25846      0.00      0.00
 8300.0    323.54    0.24716      0.00      0.00
 8350.0    323.65    0.23626      0.00      0.00
 8400.0    323.75    0.22574      0.00      0.00
 8450.0    323.85    0.21560      0.00      0.00
 8500.0    323.96    0.20582      0.00      0.00
 8550.0    324.05    0.19640      0.00      0.00
 8600.0    324.15    0.18733      0.00      0.00
 8650.0    324.25    0.17860      0.00      0.00
 8700.0    324.34    0.17020      0.00      0.00
 8750.0    324.43    0.16211      0.00      0.00
 8800.0    324.53    0.15434      0.00      0.00
 8850.0    324.62    0.14687      0.00      0.00
 8900.0    324.70    0.13970      0.00      0.00
 8950.0    324.79    0.13281      0.00      0.00
 9000.0    324.87    0.12620      0.00      0.00
 9050.0    324.96    0.11986      0.00      0.00
 9100.0    325.04    0.11377      0.00      0.00
 9150.0    325.12    0.10795      0.00      0.00
 9200.0    325.20    0.10236      0.00      0.00
 9250.0    325.28    0.09702      0.00      0.00
 9300.0    325.35    0.09190      0.00      0.00
 9350.0    325.43    0.08701      0.00      0.00
 9400.0    325.50    0.08233      0.00      0.00
 9450.0    325.57    0.07786      0.00      0.00
 9500.0    325.64    0.07359      0.00      0.00
 9550.0    325.71    0.06951      0.00      0.00
 9600.0    325.78    0.06562      0.00      0.00
 9650.0    325.84    0.06191      0.00      0.00
 9700.0    325.91    0.05838      0.00      0.00
 9750.0    325.97    0.05501      0.00      0.00
 9800.0    326.04    0.05180      0.00      0.00
 9850.0    326.10    0.04875      0.00      0.00
 9900.0    326.16    0.04585      0.00      0.00
 9950.0    326.22    0.04309      0.00      0.00
10000.0    326.27    0.04047      0.00      0.00
10050.0    326.33    0.03798      0.00      0.00
10100.0    326.39    0.03562      0.00      0.00
10150.0    326.44    0.03339      0.00      0.00
10200.0    326.49    0.03126      0.00      0.00
10250.0    326.55    0.02925      0.00      0.00
10300.0    326.60    0.02735      0.00      0.00
10350.0    326.65    0.02555      0.00      0.00
10400.0    326.70    0.02385      0.00      0.00
10450.0    326.75    0.02225      0.00      0.00
10500.0    326.80    0.02073      0.00      0.00
10550.0    326.84    0.01930      0.00      0.00
10600.0    326.89    0.01795      0.00      0.00
10650.0    326.93    0.01667      0.00      0.00
10700.0    326.98    0.01548      0.00      0.00
10750.0    327.02    0.01435      0.00      0.00
10800.0    327.07    0.01329      0.00      0.00
10850.0    327.11    0.01229      0.00      0.00
10900.0    327.15    0.01136      0.00      0.00
10950.0    327.19    0.01048      0.00      0.00
11000.0    327.23    0.00966      0.00      0.00
11050.0    327.27    0.00889      0.00      0.00
11100.0    327.31    0.00817      0.00      0.00
11150.0    327.35    0.00749      0.00      0.00
11200.0    327.39    0.00687      0.00      0.00
11250.0    327.42    0.00628      0.00      0.00
11300.0    327.46    0.00573      0.00      0.00
11350.0    327.50    0.00522      0.00      0.00
11400.0    327.53    0.00474      0.00      0.00
11450.0    327.57    0.00430      0.00      0.00
11500.0    327.60    0.00389      0.00      0.00
11550.0    327.64    0.00351      0.00      0.00
11600.0    327.67    0.00316      0.00      0.00
11650.0    327.71    0.00283      0.00      0.00
11700.0    327.74    0.00253      0.00      0.00
11750.0    327.77    0.00225      0.00      0.00
11800.0    327.80    0.00200      0.00      0.00
11850.0    327.84    0.00176      0.00      0.00
11900.0    327.87    0.00154      0.00      0.00
11950.0    327.90    0.00135      0.00      0.00
12000.0    327.93    0.00116      0.00      0.00
12050.0    328.71    0.00117      0.00      0.00
12100.0    329.49    0.00118      0.00      0.00
12150.0    330.28    0.00119      0.00      0.00
12200.0    331.07    0.00120      0.00      0.00
12250.0    331.85    0.00121      0.00      0.00
12300.0    332.64    0.00122      0.00      0.00
12350.0    333.44    0.00123      0.00      0.00
12400.0    334.23    0.00124      0.00      0.00
12450.0    335.03    0.00125      0.00      0.00
12500.0    335.83    0.00126      0.00      0.00
12550.0    336.63    0.00128      0.00      0.00
12600.0    337.43    0.00129      0.00      0.00
12650.0    338.23    0.00130      0.00      0.00
12700.0    339.04    0.00131      0.00      0.00
12750.0    339.84    0.00132      0.00      0.00
12800.0    340.65    0.00133      0.00      0.00
12850.0    341.46    0.00134      0.00      0.00
12900.0    342.28    0.00135      0.00      0.00
12950.0    343.09    0.00136      0.00      0.00
13000.0    343.91    0.00137      0.00      0.00
13050.0    344.73    0.00139      0.00      0.00
13100.0    345.55    0.00140      0.00      0.00
13150.0    346.37    0.00141      0.00      0.00
13200.0    347.20    0.00142      0.00      0.00
13250.0    348.02    0.00143      0.00      0.00
13300.0    348.85    0.00144      0.00      0.00
13350.0    349.68    0.00146      0.00      0.00
13400.0    350.52    0.00147      0.00      0.00
13450.0    351.35    0.00148      0.00      0.00
13500.0    352.19    0.00149      0.00      0.00
13550.0    353.03    0.00151      0.00      0.00
13600.0    353.87    0.00152      0.00      0.00
13650.0    354.71    0.00153      0.00      0.00
13700.0    355.56    0.00154      0.00      0.00
13750.0    356.40    0.00156      0.00      0.00
13800.0    357.25    0.00157      0.00      0.00
13850.0    358.10    0.00158      0.00      0.00
13900.0    358.96    0.00160      0.00      0.00
13950.0    359.81    0.00161      0.00      0.00
14000.0    360.67    0.00162      0.00      0.00
14050.0    361.53    0.00164      0.00      0.00
14100.0    362.39    0.00165      0.00      0.00
14150.0    363.25    0.00166      0.00      0.00
14200.0    364.12    0.00168      0.00      0.00
14250.0    364.98    0.00169      0.00      0.00
14300.0    365.85    0.00171      0.00      0.00
14350.0    366.72    0.00172      0.00      0.00
14400.0    367.60    0.00174      0.00      0.00
14450.0    368.47    0.00175      0.00      0.00
14500.0    369.35    0.00176      0.00      0.00
14550.0    370.23    0.00178      0.00      0.00
14600.0    371.11    0.00179      0.00      0.00
14650.0    371.99    0.00181      0.00      0.00
14700.0    372.88    0.00182      0.00      0.00
14750.0    373.77    0.00184      0.00      0.00
14800.0    374.66    0.00185      0.00      0.00
14850.0    375.55    0.00187      0.00      0.00
14900.0    376.45    0.00189      0.00      0.00
14950.0    377.34    0.00190      0.00      0.00
15000.0    378.24    0.00192      0.00      0.00
15050.0    379.14    0.00193      0.00      0.00
15100.0    380.04    0.00195      0.00      0.00
15150.0    380.95    0.00197      0.00      0.00
15200.0    381.86    0.00198      0.00      0.00
15250.0    382.77    0.00200      0.00      0.00
15300.0    383.68    0.00202      0.00      0.00
15350.0    384.59    0.00203      0.00      0.00
15400.0    385.51    0.00205      0.00      0.00
15450.0    386.43    0.00207      0.00      0.00
15500.0    387.35    0.00208      0.00      0.00
15550.0    388.27    0.00210      0.00      0.00
15600.0    389.19    0.00212      0.00      0.00
15650.0    390.12    0.00214      0.00      0.00
15700.0    391.05    0.00215      0.00      0.00
15750.0    391.98    0.00217      0.00      0.00
15800.0    392.91    0.00219      0.00      0.00
15850.0    393.85    0.00221      0.00      0.00
15900.0    394.79    0.00223      0.00      0.00
15950.0    395.73    0.00225      0.00      0.00
16000.0    396.67    0.00227      0.00      0.00
16050.0    397.62    0.00228      0.00      0.00
16100.0    398.56    0.00230      0.00      0.00
16150.0    399.51    0.00232      0.00      0.00
16200.0    400.46    0.00234      0.00      0.00
16250.0    401.42    0.00236      0.00      0.00
16300.0    402.37    0.00238      0.00      0.00
16350.0    403.33    0.00240      0.00      0.00
16400.0    404.29    0.00242      0.00      0.00
16450.0    405.26    0.00244      0.00      0.00
16500.0    406.22    0.00246      0.00      0.00
16550.0    407.19    0.00248      0.00      0.00
16600.0    408.16    0.00250      0.00      0.00
16650.0    409.13    0.00252      0.00      0.00
16700.0    410.10    0.00255      0.00      0.00
16750.0    411.08    0.00257      0.00      0.00
16800.0    412.06    0.00259      0.00      0.00
16850.0    413.04    0.00261      0.00      0.00
16900.0    414.02    0.00263      0.00      0.00
16950.0    415.01    0.00265      0.00      0.00
17000.0    416.00    0.00268      0.00      0.00
17050.0    416.99    0.00270      0.00      0.00
17100.0    417.98    0.00272      0.00      0.00
17150.0    418.98    0.00274      0.00      0.00
17200.0    419.98    0.00277      0.00      0.00
17250.0    420.98    0.00279      0.00      0.00
17300.0    421.98    0.00281      0.00      0.00
17350.0    422.98    0.00284      0.00      0.00
17400.0    423.99    0.00286      0.00      0.00
17450.0    425.00    0.00288      0.00      0.00
17500.0    426.01    0.00291      0.00      0.00
17550.0    427.03    0.00293      0.00      0.00
17600.0    428.05    0.00296      0.00      0.00
17650.0    429.06    0.00298      0.00      0.00
17700.0    430.09    0.00301      0.00      0.00
17750.0    431.11    0.00303      0.00      0.00
17800.0    432.14    0.00306      0.00      0.00
17850.0    433.17    0.00308      0.00      0.00
17900.0    434.20    0.00311      0.00      0.00
17950.0    435.23    0.00313      0.00      0.00
18000.0    436.27    0.00316      0.00      0.00
18050.0    437.31    0.00319      0.00      0.00
18100.0    438.35    0.00321      0.00      0.00
18150.0    439.39    0.00324      0.00      0.00
18200.0    440.44    0.00327      0.00      0.00
18250.0    441.49    0.00330      0.00      0.00
18300.0    442.54    0.00332      0.00      0.00
18350.0    443.59    0.00335      0.00      0.00
18400.0    444.65    0.00338      0.00      0.00
18450.0    445.71    0.00341      0.00      0.00
18500.0    446.77    0.00344      0.00      0.00
18550.0    447.84    0.00346      0.00      0.00
18600.0    448.90    0.00349      0.00      0.00
18650.0    449.97    0.00352      0.00      0.00
18700.0    451.04    0.00355      0.00      0.00
18750.0    452.12    0.00358      0.00      0.00
18800.0    453.19    0.00361      0.00      0.00
18850.0    454.27    0.00364      0.00      0.00
18900.0    455.36    0.00367      0.00      0.00
18950.0    456.44    0.00370      0.00      0.00
19000.0    457.53    0.00373      0.00      0.00
19050.0    458.62    0.00377      0.00      0.00
19100.0    459.71    0.00380      0.00      0.00
19150.0    460.80    0.00383      0.00      0.00
19200.0    461.90    0.00386      0.00      0.00
19250.0    463.00    0.00389      0.00      0.00
19300.0    464.10    0.00393      0.00      0.00
19350.0    465.21    0.00396      0.00      0.00
19400.0    466.32    0.00399      0.00      0.00
19450.0    467.43    0.00402      0.00      0.00
19500.0    468.54    0.00406      0.00      0.00
19550.0    469.66    0.00409      0.00      0.00
19600.0    470.78    0.00413      0.00      0.00
19650.0    471.90    0.00416      0.00      0.00
19700.0    473.02    0.00420      0.00      0.00
19750.0    474.15    0.00423      0.00      0.00
19800.0    475.28    0.00427      0.00      0.00
19850.0    476.41    0.00430      0.00      0.00
19900.0    477.54    0.00434      0.00      0.00
19950.0    478.68    0.00437      0.00      0.00
20000.0    479.82    0.00441      0.00      0.00
20050.0    480.96    0.00445      0.00      0.00
20100.0    482.11    0.00448      0.00      0.00
20150.0    483.26    0.00452      0.00      0.00
20200.0    484.41    0.00456      0.00      0.00
20250.0    485.56    0.00460      0.00      0.00
20300.0    486.72    0.00464      0.00      0.00
20350.0    487.88    0.00468      0.00      0.00
20400.0    489.04    0.00471      0.00      0.00
20450.0    490.20    0.00475      0.00      0.00
20500.0    491.37    0.00479      0.00      0.00
20550.0    492.54    0.00483      0.00      0.00
20600.0    493.71    0.00487      0.00      0.00
20650.0    494.89    0.00492      0.00      0.00
20700.0    496.07    0.00496      0.00      0.00
20750.0    497.25    0.00500      0.00      0.00
20800.0    498.43    0.00504      0.00      0.00
20850.0    499.62    0.00508      0.00      0.00
20900.0    500.81    0.00512      0.00      0.00
20950.0    502.00    0.00517      0.00      0.00
