1000.00    298.43    12.653
   50.0    298.46    12.63722      0.00      0.00
  100.0    298.49    12.61477      0.00      0.00
  150.0    298.52    12.59555      0.00      0.00
  200.0    298.55    12.57460      0.00      0.00
  250.0    298.58    12.55633      0.00      0.00
  300.0    298.61    12.53600      0.00      0.00
  350.0    298.64    12.51784      0.00      0.00
  400.0    298.68    12.49737      0.00      0.00
  450.0    298.71    12.47860      0.00      0.00
  500.0    298.74    12.45730      0.00      0.00
  550.0    298.77    12.43732      0.00      0.00
  600.0    298.80    12.42214      0.00      0.00
  650.0    298.83    12.40022      0.00      0.00
  700.0    298.86    12.38258      0.00      0.00
  750.0    298.89    12.36526      0.00      0.00
  800.0    298.92    12.34799      0.00      0.00
  850.0    298.96    12.33062      0.00      0.00
  900.0    298.99    12.31293      0.00      0.00
  950.0    299.02    12.29472      0.00      0.00
 1000.0    299.05    12.27586      0.00      0.00
 1050.0    299.08    12.26228      0.00      0.00
 1100.0    299.21    11.64694      0.00      0.00
 1150.0    299.25    11.45593      0.00      0.00
 1200.0    299.31    11.21566      0.00      0.00
 1250.0    299.37    10.98723      0.00      0.00
 1300.0    299.46    10.76274      0.00      0.00
 1350.0    299.61    10.54304      0.00      0.00
 1400.0    299.77    10.32792      0.00      0.00
 1450.0    299.93    10.11728      0.00      0.00
 1500.0    300.09    9.91100      0.00      0.00
 1550.0    300.26    9.70898      0.00      0.00
 1600.0    300.42    9.51112      0.00      0.00
 1650.0    300.59    9.31731      0.00      0.00
 1700.0    300.75    9.12744      0.00      0.00
 1750.0    300.92    8.94144      0.00      0.00
 1800.0    301.09    8.75919      0.00      0.00
 1850.0    301.26    8.58062      0.00      0.00
 1900.0    301.44    8.40563      0.00      0.00
 1950.0    301.61    8.23414      0.00      0.00
 2000.0    301.79    8.06607      0.00      0.00
 2050.0    301.96    7.90133      0.00      0.00
 2100.0    302.14    7.73984      0.00      0.00
 2150.0    302.32    7.58154      0.00      0.00
 2200.0    302.50    7.42634      0.00      0.00
 2250.0    302.68    7.27418      0.00      0.00
 2300.0    302.86    7.12498      0.00      0.00
 2350.0    303.04    6.97867      0.00      0.00
 2400.0    303.23    6.83520      0.00      0.00
 2450.0    303.41    6.69449      0.00      0.00
 2500.0    303.60    6.55649      0.00      0.00
 2550.0    303.79    6.42113      0.00      0.00
 2600.0    303.98    6.28836      0.00      0.00
 2650.0    304.17    6.15811      0.00      0.00
 2700.0    304.36    6.03033      0.00      0.00
 2750.0    304.55    5.90498      0.00      0.00
 2800.0    304.74    5.78198      0.00      0.00
 2850.0    304.93    5.66130      0.00      0.00
 2900.0    305.12    5.54289      0.00      0.00
 2950.0    305.32    5.42669      0.00      0.00
 3000.0    305.51    5.31267      0.00      0.00
 3050.0    305.71    5.20076      0.00      0.00
 3100.0    305.91    5.09094      0.00      0.00
 3150.0    306.10    4.98315      0.00      0.00
 3200.0    306.30    4.87736      0.00      0.00
 3250.0    306.50    4.77352      0.00      0.00
 3300.0    306.70    4.67160      0.00      0.00
 3350.0    306.90    4.57155      0.00      0.00
 3400.0    307.10    4.47334      0.00      0.00
 3450.0    307.30    4.37693      0.00      0.00
 3500.0    307.50    4.28228      0.00      0.00
 3550.0    307.70    4.18937      0.00      0.00
 3600.0    307.90    4.09816      0.00      0.00
 3650.0    308.10    4.00861      0.00      0.00
 3700.0    308.31    3.92070      0.00      0.00
 3750.0    308.51    3.83439      0.00      0.00
 3800.0    308.71    3.74965      0.00      0.00
 3850.0    308.92    3.66645      0.00      0.00
 3900.0    309.12    3.58477      0.00      0.00
 3950.0    309.32    3.50458      0.00      0.00
 4000.0    309.53    3.42585      0.00      0.00
 4050.0    309.73    3.34854      0.00      0.00
 4100.0    309.94    3.27265      0.00      0.00
 4150.0    310.14    3.19814      0.00      0.00
 4200.0    310.34    3.12499      0.00      0.00
 4250.0    310.55    3.05318      0.00      0.00
 4300.0    310.75    2.98267      0.00      0.00
 4350.0    310.96    2.91346      0.00      0.00
 4400.0    311.16    2.84551      0.00      0.00
 4450.0    311.37    2.77881      0.00      0.00
 4500.0    311.57    2.71333      0.00      0.00
 4550.0    311.78    2.64906      0.00      0.00
 4600.0    311.98    2.58598      0.00      0.00
 4650.0    312.18    2.52406      0.00      0.00
 4700.0    312.39    2.46329      0.00      0.00
 4750.0    312.59    2.40364      0.00      0.00
 4800.0    312.79    2.34511      0.00      0.00
 4850.0    313.00    2.28767      0.00      0.00
 4900.0    313.20    2.23130      0.00      0.00
 4950.0    313.40    2.17600      0.00      0.00
 5000.0    313.60    2.12174      0.00      0.00
 5050.0    313.80    2.06850      0.00      0.00
 5100.0    314.01    2.01628      0.00      0.00
 5150.0    314.21    1.96505      0.00      0.00
 5200.0    314.41    1.91480      0.00      0.00
 5250.0    314.60    1.86552      0.00      0.00
 5300.0    314.80    1.81720      0.00      0.00
 5350.0    315.00    1.76981      0.00      0.00
 5400.0    315.20    1.72335      0.00      0.00
 5450.0    315.40    1.67779      0.00      0.00
 5500.0    315.59    1.63314      0.00      0.00
 5550.0    315.79    1.58937      0.00      0.00
 5600.0    315.98    1.54648      0.00      0.00
 5650.0    316.17    1.50444      0.00      0.00
 5700.0    316.37    1.46325      0.00      0.00
 5750.0    316.56    1.42290      0.00      0.00
 5800.0    316.75    1.38338      0.00      0.00
 5850.0    316.94    1.34466      0.00      0.00
 5900.0    317.13    1.30675      0.00      0.00
 5950.0    317.32    1.26963      0.00      0.00
 6000.0    317.51    1.23329      0.00      0.00
 6050.0    317.69    1.19772      0.00      0.00
 6100.0    317.88    1.16290      0.00      0.00
 6150.0    318.06    1.12883      0.00      0.00
 6200.0    318.24    1.09550      0.00      0.00
 6250.0    318.43    1.06290      0.00      0.00
 6300.0    318.61    1.03102      0.00      0.00
 6350.0    318.78    0.99984      0.00      0.00
 6400.0    318.96    0.96936      0.00      0.00
 6450.0    319.14    0.93956      0.00      0.00
 6500.0    319.32    0.91044      0.00      0.00
 6550.0    319.49    0.88200      0.00      0.00
 6600.0    319.66    0.85421      0.00      0.00
 6650.0    319.83    0.82707      0.00      0.00
 6700.0    320.00    0.80056      0.00      0.00
 6750.0    320.17    0.77470      0.00      0.00
 6800.0    320.34    0.74945      0.00      0.00
 6850.0    320.50    0.72481      0.00      0.00
 6900.0    320.67    0.70078      0.00      0.00
 6950.0    320.83    0.67734      0.00      0.00
 7000.0    320.99    0.65449      0.00      0.00
 7050.0    321.15    0.63222      0.00      0.00
 7100.0    321.31    0.61051      0.00      0.00
 7150.0    321.47    0.58937      0.00      0.00
 7200.0    321.62    0.56877      0.00      0.00
 7250.0    321.77    0.54872      0.00      0.00
 7300.0    321.93    0.52920      0.00      0.00
 7350.0    322.07    0.51020      0.00      0.00
 7400.0    322.22    0.49172      0.00      0.00
 7450.0    322.37    0.47375      0.00      0.00
 7500.0    322.51    0.45628      0.00      0.00
 7550.0    322.66    0.43930      0.00      0.00
 7600.0    322.80    0.42280      0.00      0.00
 7650.0    322.94    0.40677      0.00      0.00
 7700.0    323.07    0.39121      0.00      0.00
 7750.0    323.21    0.37611      0.00      0.00
 7800.0    323.34    0.36146      0.00      0.00
 7850.0    323.47    0.34724      0.00      0.00
 7900.0    323.61    0.33346      0.00      0.00
 7950.0    323.73    0.32010      0.00      0.00
 8000.0    323.86    0.30715      0.00      0.00
 8050.0    323.98    0.29462      0.00      0.00
 8100.0    324.11    0.28248      0.00      0.00
 8150.0    324.23    0.27073      0.00      0.00
 8200.0    324.35    0.25937      0.00      0.00
 8250.0    324.46    0.24838      0.00      0.00
 8300.0    324.58    0.23775      0.00      0.00
 8350.0    324.69    0.22748      0.00      0.00
 8400.0    324.81    0.21757      0.00      0.00
 8450.0    324.92    0.20799      0.00      0.00
 8500.0    325.02    0.19875      0.00      0.00
 8550.0    325.13    0.18984      0.00      0.00
 8600.0    325.23    0.18124      0.00      0.00
 8650.0    325.34    0.17296      0.00      0.00
 8700.0    325.44    0.16497      0.00      0.00
 8750.0    325.54    0.15729      0.00      0.00
 8800.0    325.63    0.14989      0.00      0.00
 8850.0    325.73    0.14277      0.00      0.00
 8900.0    325.82    0.13592      0.00      0.00
 8950.0    325.92    0.12934      0.00      0.00
 9000.0    326.01    0.12302      0.00      0.00
 9050.0    326.09    0.11694      0.00      0.00
 9100.0    326.18    0.11111      0.00      0.00
 9150.0    326.27    0.10552      0.00      0.00
 9200.0    326.35    0.10016      0.00      0.00
 9250.0    326.43    0.09501      0.00      0.00
 9300.0    326.51    0.09009      0.00      0.00
 9350.0    326.59    0.08537      0.00      0.00
 9400.0    326.67    0.08086      0.00      0.00
 9450.0    326.74    0.07654      0.00      0.00
 9500.0    326.82    0.07241      0.00      0.00
 9550.0    326.89    0.06846      0.00      0.00
 9600.0    326.96    0.06470      0.00      0.00
 9650.0    327.03    0.06110      0.00      0.00
 9700.0    327.10    0.05767      0.00      0.00
 9750.0    327.17    0.05439      0.00      0.00
 9800.0    327.23    0.05128      0.00      0.00
 9850.0    327.30    0.04830      0.00      0.00
 9900.0    327.36    0.04548      0.00      0.00
 9950.0    327.42    0.04278      0.00      0.00
10000.0    327.48    0.04022      0.00      0.00
10050.0    327.54    0.03779      0.00      0.00
10100.0    327.60    0.03548      0.00      0.00
10150.0    327.66    0.03329      0.00      0.00
10200.0    327.71    0.03121      0.00      0.00
10250.0    327.77    0.02924      0.00      0.00
10300.0    327.82    0.02737      0.00      0.00
10350.0    327.87    0.02560      0.00      0.00
10400.0    327.92    0.02392      0.00      0.00
10450.0    327.98    0.02234      0.00      0.00
10500.0    328.02    0.02084      0.00      0.00
10550.0    328.07    0.01943      0.00      0.00
10600.0    328.12    0.01809      0.00      0.00
10650.0    328.17    0.01683      0.00      0.00
10700.0    328.21    0.01564      0.00      0.00
10750.0    328.26    0.01453      0.00      0.00
10800.0    328.30    0.01347      0.00      0.00
10850.0    328.34    0.01248      0.00      0.00
10900.0    328.39    0.01155      0.00      0.00
10950.0    328.43    0.01068      0.00      0.00
11000.0    328.47    0.00986      0.00      0.00
11050.0    328.51    0.00909      0.00      0.00
11100.0    328.55    0.00837      0.00      0.00
11150.0    328.59    0.00769      0.00      0.00
11200.0    328.62    0.00706      0.00      0.00
11250.0    328.66    0.00647      0.00      0.00
11300.0    328.70    0.00592      0.00      0.00
11350.0    328.73    0.00541      0.00      0.00
11400.0    328.77    0.00493      0.00      0.00
11450.0    328.80    0.00449      0.00      0.00
11500.0    328.84    0.00407      0.00      0.00
11550.0    328.87    0.00369      0.00      0.00
11600.0    328.91    0.00333      0.00      0.00
11650.0    328.94    0.00300      0.00      0.00
11700.0    328.97    0.00269      0.00      0.00
11750.0    329.00    0.00241      0.00      0.00
11800.0    329.04    0.00215      0.00      0.00
11850.0    329.07    0.00191      0.00      0.00
11900.0    329.10    0.00168      0.00      0.00
11950.0    329.13    0.00148      0.00      0.00
12000.0    329.16    0.00129      0.00      0.00
12050.0    329.94    0.00130      0.00      0.00
12100.0    330.72    0.00131      0.00      0.00
12150.0    331.51    0.00132      0.00      0.00
12200.0    332.29    0.00133      0.00      0.00
12250.0    333.08    0.00135      0.00      0.00
12300.0    333.87    0.00136      0.00      0.00
12350.0    334.66    0.00137      0.00      0.00
12400.0    335.46    0.00138      0.00      0.00
12450.0    336.25    0.00139      0.00      0.00
12500.0    337.05    0.00140      0.00      0.00
12550.0    337.85    0.00141      0.00      0.00
12600.0    338.65    0.00143      0.00      0.00
12650.0    339.46    0.00144      0.00      0.00
12700.0    340.26    0.00145      0.00      0.00
12750.0    341.07    0.00146      0.00      0.00
12800.0    341.88    0.00147      0.00      0.00
12850.0    342.69    0.00149      0.00      0.00
12900.0    343.50    0.00150      0.00      0.00
12950.0    344.32    0.00151      0.00      0.00
13000.0    345.14    0.00152      0.00      0.00
13050.0    345.96    0.00154      0.00      0.00
13100.0    346.78    0.00155      0.00      0.00
13150.0    347.60    0.00156      0.00      0.00
13200.0    348.42    0.00158      0.00      0.00
13250.0    349.25    0.00159      0.00      0.00
13300.0    350.08    0.00160      0.00      0.00
13350.0    350.91    0.00161      0.00      0.00
13400.0    351.74    0.00163      0.00      0.00
13450.0    352.58    0.00164      0.00      0.00
13500.0    353.41    0.00166      0.00      0.00
13550.0    354.25    0.00167      0.00      0.00
13600.0    355.09    0.00168      0.00      0.00
13650.0    355.94    0.00170      0.00      0.00
13700.0    356.78    0.00171      0.00      0.00
13750.0    357.63    0.00173      0.00      0.00
13800.0    358.48    0.00174      0.00      0.00
13850.0    359.33    0.00175      0.00      0.00
13900.0    360.18    0.00177      0.00      0.00
13950.0    361.03    0.00178      0.00      0.00
14000.0    361.89    0.00180      0.00      0.00
14050.0    362.75    0.00181      0.00      0.00
14100.0    363.61    0.00183      0.00      0.00
14150.0    364.47    0.00184      0.00      0.00
14200.0    365.34    0.00186      0.00      0.00
14250.0    366.20    0.00187      0.00      0.00
14300.0    367.07    0.00189      0.00      0.00
14350.0    367.94    0.00191      0.00      0.00
14400.0    368.82    0.00192      0.00      0.00
14450.0    369.69    0.00194      0.00      0.00
14500.0    370.57    0.00195      0.00      0.00
14550.0    371.45    0.00197      0.00      0.00
14600.0    372.33    0.00199      0.00      0.00
14650.0    373.21    0.00200      0.00      0.00
14700.0    374.10    0.00202      0.00      0.00
14750.0    374.99    0.00204      0.00      0.00
14800.0    375.88    0.00205      0.00      0.00
14850.0    376.77    0.00207      0.00      0.00
14900.0    377.66    0.00209      0.00      0.00
14950.0    378.56    0.00211      0.00      0.00
15000.0    379.46    0.00212      0.00      0.00
15050.0    380.36    0.00214      0.00      0.00
15100.0    381.26    0.00216      0.00      0.00
15150.0    382.17    0.00218      0.00      0.00
15200.0    383.07    0.00220      0.00      0.00
15250.0    383.98    0.00221      0.00      0.00
15300.0    384.89    0.00223      0.00      0.00
15350.0    385.81    0.00225      0.00      0.00
15400.0    386.72    0.00227      0.00      0.00
15450.0    387.64    0.00229      0.00      0.00
15500.0    388.56    0.00231      0.00      0.00
15550.0    389.48    0.00233      0.00      0.00
15600.0    390.41    0.00235      0.00      0.00
15650.0    391.33    0.00237      0.00      0.00
15700.0    392.26    0.00239      0.00      0.00
15750.0    393.19    0.00240      0.00      0.00
15800.0    394.12    0.00243      0.00      0.00
15850.0    395.06    0.00245      0.00      0.00
15900.0    396.00    0.00247      0.00      0.00
15950.0    396.94    0.00249      0.00      0.00
16000.0    397.88    0.00251      0.00      0.00
16050.0    398.82    0.00253      0.00      0.00
16100.0    399.77    0.00255      0.00      0.00
16150.0    400.72    0.00257      0.00      0.00
16200.0    401.67    0.00259      0.00      0.00
16250.0    402.62    0.00261      0.00      0.00
16300.0    403.58    0.00263      0.00      0.00
16350.0    404.53    0.00266      0.00      0.00
16400.0    405.49    0.00268      0.00      0.00
16450.0    406.46    0.00270      0.00      0.00
16500.0    407.42    0.00272      0.00      0.00
16550.0    408.39    0.00275      0.00      0.00
16600.0    409.36    0.00277      0.00      0.00
16650.0    410.33    0.00279      0.00      0.00
16700.0    411.30    0.00282      0.00      0.00
16750.0    412.28    0.00284      0.00      0.00
16800.0    413.26    0.00286      0.00      0.00
16850.0    414.24    0.00289      0.00      0.00
16900.0    415.22    0.00291      0.00      0.00
16950.0    416.21    0.00294      0.00      0.00
17000.0    417.19    0.00296      0.00      0.00
17050.0    418.18    0.00298      0.00      0.00
17100.0    419.18    0.00301      0.00      0.00
17150.0    420.17    0.00303      0.00      0.00
17200.0    421.17    0.00306      0.00      0.00
17250.0    422.17    0.00308      0.00      0.00
17300.0    423.17    0.00311      0.00      0.00
17350.0    424.17    0.00314      0.00      0.00
17400.0    425.18    0.00316      0.00      0.00
17450.0    426.19    0.00319      0.00      0.00
17500.0    427.20    0.00322      0.00      0.00
17550.0    428.21    0.00324      0.00      0.00
17600.0    429.23    0.00327      0.00      0.00
17650.0    430.25    0.00330      0.00      0.00
17700.0    431.27    0.00332      0.00      0.00
17750.0    432.29    0.00335      0.00      0.00
17800.0    433.32    0.00338      0.00      0.00
17850.0    434.35    0.00341      0.00      0.00
17900.0    435.38    0.00344      0.00      0.00
17950.0    436.41    0.00346      0.00      0.00
18000.0    437.45    0.00349      0.00      0.00
18050.0    438.48    0.00352      0.00      0.00
18100.0    439.52    0.00355      0.00      0.00
18150.0    440.57    0.00358      0.00      0.00
18200.0    441.61    0.00361      0.00      0.00
18250.0    442.66    0.00364      0.00      0.00
18300.0    443.71    0.00367      0.00      0.00
18350.0    444.76    0.00370      0.00      0.00
18400.0    445.82    0.00373      0.00      0.00
18450.0    446.88    0.00376      0.00      0.00
18500.0    447.94    0.00380      0.00      0.00
18550.0    449.00    0.00383      0.00      0.00
18600.0    450.07    0.00386      0.00      0.00
18650.0    451.13    0.00389      0.00      0.00
18700.0    452.20    0.00392      0.00      0.00
18750.0    453.28    0.00396      0.00      0.00
18800.0    454.35    0.00399      0.00      0.00
18850.0    455.43    0.00402      0.00      0.00
18900.0    456.51    0.00406      0.00      0.00
18950.0    457.59    0.00409      0.00      0.00
19000.0    458.68    0.00412      0.00      0.00
19050.0    459.77    0.00416      0.00      0.00
19100.0    460.86    0.00419      0.00      0.00
19150.0    461.95    0.00423      0.00      0.00
19200.0    463.05    0.00426      0.00      0.00
19250.0    464.15    0.00430      0.00      0.00
19300.0    465.25    0.00434      0.00      0.00
19350.0    466.35    0.00437      0.00      0.00
19400.0    467.46    0.00441      0.00      0.00
19450.0    468.57    0.00444      0.00      0.00
19500.0    469.68    0.00448      0.00      0.00
19550.0    470.80    0.00452      0.00      0.00
19600.0    471.91    0.00456      0.00      0.00
19650.0    473.03    0.00459      0.00      0.00
19700.0    474.16    0.00463      0.00      0.00
19750.0    475.28    0.00467      0.00      0.00
19800.0    476.41    0.00471      0.00      0.00
19850.0    477.54    0.00475      0.00      0.00
19900.0    478.67    0.00479      0.00      0.00
19950.0    479.81    0.00483      0.00      0.00
20000.0    480.95    0.00487      0.00      0.00
20050.0    482.09    0.00491      0.00      0.00
20100.0    483.23    0.00495      0.00      0.00
20150.0    484.38    0.00499      0.00      0.00
20200.0    485.53    0.00503      0.00      0.00
20250.0    486.68    0.00508      0.00      0.00
20300.0    487.84    0.00512      0.00      0.00
20350.0    488.99    0.00516      0.00      0.00
20400.0    490.15    0.00520      0.00      0.00
20450.0    491.32    0.00525      0.00      0.00
20500.0    492.48    0.00529      0.00      0.00
20550.0    493.65    0.00533      0.00      0.00
20600.0    494.82    0.00538      0.00      0.00
20650.0    496.00    0.00542      0.00      0.00
20700.0    497.17    0.00547      0.00      0.00
20750.0    498.35    0.00551      0.00      0.00
20800.0    499.54    0.00556      0.00      0.00
20850.0    500.72    0.00561      0.00      0.00
20900.0    501.91    0.00565      0.00      0.00
20950.0    503.10    0.00570      0.00      0.00
