1000.00    298.43    12.653
   50.0    298.46    12.637      0.00      0.00
  100.0    298.49    12.615      0.00      0.00
  150.0    298.52    12.595      0.00      0.00
  200.0    298.55    12.579      0.00      0.00
  250.0    298.58    12.556      0.00      0.00
  300.0    298.61    12.536      0.00      0.00
  350.0    298.64    12.518      0.00      0.00
  400.0    298.67    12.501      0.00      0.00
  450.0    298.70    12.478      0.00      0.00
  500.0    298.74    12.457      0.00      0.00
  550.0    298.77    12.445      0.00      0.00
  600.0    298.80    12.426      0.00      0.00
  650.0    298.83    12.407      0.00      0.00
  700.0    298.86    12.389      0.00      0.00
  750.0    298.89    12.365      0.00      0.00
  800.0    298.92    12.348      0.00      0.00
  850.0    298.95    12.330      0.00      0.00
  900.0    298.98    12.312      0.00      0.00
  950.0    299.02    12.294      0.00      0.00
 1000.0    299.05    12.282      0.00      0.00
 1050.0    299.08    12.262      0.00      0.00
 1100.0    299.20    11.648      0.00      0.00
 1150.0    299.24    11.457      0.00      0.00
 1200.0    299.30    11.217      0.00      0.00
 1250.0    299.35    10.988      0.00      0.00
 1300.0    299.45    10.764      0.00      0.00
 1350.0    299.61    10.544      0.00      0.00
 1400.0    299.77    10.329      0.00      0.00
 1450.0    299.93    10.118      0.00      0.00
 1500.0    300.09     9.912      0.00      0.00
 1550.0    300.25     9.710      0.00      0.00
 1600.0    300.42     9.512      0.00      0.00
 1650.0    300.58     9.318      0.00      0.00
 1700.0    300.75     9.128      0.00      0.00
 1750.0    300.92     8.942      0.00      0.00
 1800.0    301.09     8.760      0.00      0.00
 1850.0    301.26     8.581      0.00      0.00
 1900.0    301.43     8.406      0.00      0.00
 1950.0    301.61     8.235      0.00      0.00
 2000.0    301.78     8.067      0.00      0.00
 2050.0    301.96     7.902      0.00      0.00
 2100.0    302.14     7.741      0.00      0.00
 2150.0    302.32     7.582      0.00      0.00
 2200.0    302.50     7.427      0.00      0.00
 2250.0    302.68     7.275      0.00      0.00
 2300.0    302.86     7.126      0.00      0.00
 2350.0    303.04     6.979      0.00      0.00
 2400.0    303.23     6.836      0.00      0.00
 2450.0    303.41     6.695      0.00      0.00
 2500.0    303.60     6.557      0.00      0.00
 2550.0    303.79     6.422      0.00      0.00
 2600.0    303.97     6.289      0.00      0.00
 2650.0    304.16     6.159      0.00      0.00
 2700.0    304.35     6.031      0.00      0.00
 2750.0    304.54     5.906      0.00      0.00
 2800.0    304.74     5.783      0.00      0.00
 2850.0    304.93     5.662      0.00      0.00
 2900.0    305.12     5.544      0.00      0.00
 2950.0    305.32     5.427      0.00      0.00
 3000.0    305.51     5.313      0.00      0.00
 3050.0    305.71     5.201      0.00      0.00
 3100.0    305.90     5.092      0.00      0.00
 3150.0    306.10     4.984      0.00      0.00
 3200.0    306.30     4.878      0.00      0.00
 3250.0    306.50     4.774      0.00      0.00
 3300.0    306.70     4.672      0.00      0.00
 3350.0    306.90     4.572      0.00      0.00
 3400.0    307.10     4.474      0.00      0.00
 3450.0    307.30     4.378      0.00      0.00
 3500.0    307.50     4.283      0.00      0.00
 3550.0    307.70     4.190      0.00      0.00
 3600.0    307.90     4.099      0.00      0.00
 3650.0    308.10     4.009      0.00      0.00
 3700.0    308.30     3.921      0.00      0.00
 3750.0    308.51     3.835      0.00      0.00
 3800.0    308.71     3.750      0.00      0.00
 3850.0    308.91     3.667      0.00      0.00
 3900.0    309.12     3.585      0.00      0.00
 3950.0    309.32     3.505      0.00      0.00
 4000.0    309.53     3.426      0.00      0.00
 4050.0    309.73     3.349      0.00      0.00
 4100.0    309.93     3.273      0.00      0.00
 4150.0    310.14     3.199      0.00      0.00
 4200.0    310.34     3.125      0.00      0.00
 4250.0    310.55     3.054      0.00      0.00
 4300.0    310.75     2.983      0.00      0.00
 4350.0    310.96     2.914      0.00      0.00
 4400.0    311.16     2.846      0.00      0.00
 4450.0    311.37     2.779      0.00      0.00
 4500.0    311.57     2.714      0.00      0.00
 4550.0    311.77     2.649      0.00      0.00
 4600.0    311.98     2.586      0.00      0.00
 4650.0    312.18     2.524      0.00      0.00
 4700.0    312.39     2.464      0.00      0.00
 4750.0    312.59     2.404      0.00      0.00
 4800.0    312.79     2.345      0.00      0.00
 4850.0    313.00     2.288      0.00      0.00
 4900.0    313.20     2.232      0.00      0.00
 4950.0    313.40     2.176      0.00      0.00
 5000.0    313.60     2.122      0.00      0.00
 5050.0    313.80     2.069      0.00      0.00
 5100.0    314.00     2.017      0.00      0.00
 5150.0    314.20     1.965      0.00      0.00
 5200.0    314.40     1.915      0.00      0.00
 5250.0    314.60     1.866      0.00      0.00
 5300.0    314.80     1.818      0.00      0.00
 5350.0    315.00     1.770      0.00      0.00
 5400.0    315.20     1.724      0.00      0.00
 5450.0    315.39     1.678      0.00      0.00
 5500.0    315.59     1.633      0.00      0.00
 5550.0    315.79     1.590      0.00      0.00
 5600.0    315.98     1.547      0.00      0.00
 5650.0    316.17     1.505      0.00      0.00
 5700.0    316.37     1.464      0.00      0.00
 5750.0    316.56     1.423      0.00      0.00
 5800.0    316.75     1.384      0.00      0.00
 5850.0    316.94     1.345      0.00      0.00
 5900.0    317.13     1.307      0.00      0.00
 5950.0    317.32     1.270      0.00      0.00
 6000.0    317.50     1.234      0.00      0.00
 6050.0    317.69     1.198      0.00      0.00
 6100.0    317.88     1.163      0.00      0.00
 6150.0    318.06     1.129      0.00      0.00
 6200.0    318.24     1.096      0.00      0.00
 6250.0    318.42     1.063      0.00      0.00
 6300.0    318.60     1.031      0.00      0.00
 6350.0    318.78     1.000      0.00      0.00
 6400.0    318.96     0.970      0.00      0.00
 6450.0    319.14     0.940      0.00      0.00
 6500.0    319.31     0.911      0.00      0.00
 6550.0    319.49     0.882      0.00      0.00
 6600.0    319.66     0.854      0.00      0.00
 6650.0    319.83     0.827      0.00      0.00
 6700.0    320.00     0.801      0.00      0.00
 6750.0    320.17     0.775      0.00      0.00
 6800.0    320.34     0.750      0.00      0.00
 6850.0    320.50     0.725      0.00      0.00
 6900.0    320.67     0.701      0.00      0.00
 6950.0    320.83     0.677      0.00      0.00
 7000.0    320.99     0.655      0.00      0.00
 7050.0    321.15     0.632      0.00      0.00
 7100.0    321.31     0.611      0.00      0.00
 7150.0    321.46     0.589      0.00      0.00
 7200.0    321.62     0.569      0.00      0.00
 7250.0    321.77     0.549      0.00      0.00
 7300.0    321.92     0.529      0.00      0.00
 7350.0    322.07     0.510      0.00      0.00
 7400.0    322.22     0.492      0.00      0.00
 7450.0    322.37     0.474      0.00      0.00
 7500.0    322.51     0.456      0.00      0.00
 7550.0    322.65     0.439      0.00      0.00
 7600.0    322.80     0.423      0.00      0.00
 7650.0    322.93     0.407      0.00      0.00
 7700.0    323.07     0.391      0.00      0.00
 7750.0    323.21     0.376      0.00      0.00
 7800.0    323.34     0.362      0.00      0.00
 7850.0    323.47     0.347      0.00      0.00
 7900.0    323.60     0.334      0.00      0.00
 7950.0    323.73     0.320      0.00      0.00
 8000.0    323.86     0.307      0.00      0.00
 8050.0    323.98     0.295      0.00      0.00
 8100.0    324.11     0.283      0.00      0.00
 8150.0    324.23     0.271      0.00      0.00
 8200.0    324.35     0.259      0.00      0.00
 8250.0    324.46     0.248      0.00      0.00
 8300.0    324.58     0.238      0.00      0.00
 8350.0    324.69     0.228      0.00      0.00
 8400.0    324.80     0.218      0.00      0.00
 8450.0    324.91     0.208      0.00      0.00
 8500.0    325.02     0.199      0.00      0.00
 8550.0    325.13     0.190      0.00      0.00
 8600.0    325.23     0.181      0.00      0.00
 8650.0    325.33     0.173      0.00      0.00
 8700.0    325.44     0.165      0.00      0.00
 8750.0    325.53     0.157      0.00      0.00
 8800.0    325.63     0.150      0.00      0.00
 8850.0    325.73     0.143      0.00      0.00
 8900.0    325.82     0.136      0.00      0.00
 8950.0    325.91     0.129      0.00      0.00
 9000.0    326.00     0.123      0.00      0.00
 9050.0    326.09     0.117      0.00      0.00
 9100.0    326.18     0.111      0.00      0.00
 9150.0    326.26     0.106      0.00      0.00
 9200.0    326.35     0.100      0.00      0.00
 9250.0    326.43     0.095      0.00      0.00
 9300.0    326.51     0.090      0.00      0.00
 9350.0    326.59     0.085      0.00      0.00
 9400.0    326.67     0.081      0.00      0.00
 9450.0    326.74     0.077      0.00      0.00
 9500.0    326.82     0.072      0.00      0.00
 9550.0    326.89     0.068      0.00      0.00
 9600.0    326.96     0.065      0.00      0.00
 9650.0    327.03     0.061      0.00      0.00
 9700.0    327.10     0.058      0.00      0.00
 9750.0    327.17     0.054      0.00      0.00
 9800.0    327.23     0.051      0.00      0.00
 9850.0    327.30     0.048      0.00      0.00
 9900.0    327.36     0.045      0.00      0.00
 9950.0    327.42     0.043      0.00      0.00
10000.0    327.48     0.040      0.00      0.00
10050.0    327.54     0.038      0.00      0.00
10100.0    327.60     0.035      0.00      0.00
10150.0    327.66     0.033      0.00      0.00
10200.0    327.71     0.031      0.00      0.00
10250.0    327.77     0.029      0.00      0.00
10300.0    327.82     0.027      0.00      0.00
10350.0    327.87     0.026      0.00      0.00
10400.0    327.92     0.024      0.00      0.00
10450.0    327.97     0.022      0.00      0.00
10500.0    328.02     0.021      0.00      0.00
10550.0    328.07     0.019      0.00      0.00
10600.0    328.12     0.018      0.00      0.00
10650.0    328.16     0.017      0.00      0.00
10700.0    328.21     0.016      0.00      0.00
10750.0    328.25     0.015      0.00      0.00
10800.0    328.30     0.013      0.00      0.00
10850.0    328.34     0.012      0.00      0.00
10900.0    328.38     0.012      0.00      0.00
10950.0    328.42     0.011      0.00      0.00
11000.0    328.47     0.010      0.00      0.00
11050.0    328.51     0.009      0.00      0.00
11100.0    328.54     0.008      0.00      0.00
11150.0    328.58     0.008      0.00      0.00
11200.0    328.62     0.007      0.00      0.00
11250.0    328.66     0.006      0.00      0.00
11300.0    328.69     0.006      0.00      0.00
11350.0    328.73     0.005      0.00      0.00
11400.0    328.77     0.005      0.00      0.00
11450.0    328.80     0.004      0.00      0.00
11500.0    328.84     0.004      0.00      0.00
11550.0    328.87     0.004      0.00      0.00
11600.0    328.90     0.003      0.00      0.00
11650.0    328.94     0.003      0.00      0.00
11700.0    328.97     0.003      0.00      0.00
11750.0    329.00     0.002      0.00      0.00
11800.0    329.03     0.002      0.00      0.00
11850.0    329.06     0.002      0.00      0.00
11900.0    329.09     0.002      0.00      0.00
11950.0    329.12     0.001      0.00      0.00
12000.0    329.15     0.001      0.00      0.00
12050.0    329.93     0.001      0.00      0.00
12100.0    330.72     0.001      0.00      0.00
12150.0    331.50     0.001      0.00      0.00
12200.0    332.29     0.001      0.00      0.00
12250.0    333.08     0.001      0.00      0.00
12300.0    333.87     0.001      0.00      0.00
12350.0    334.66     0.001      0.00      0.00
12400.0    335.45     0.001      0.00      0.00
12450.0    336.25     0.001      0.00      0.00
12500.0    337.05     0.001      0.00      0.00
12550.0    337.85     0.001      0.00      0.00
12600.0    338.65     0.001      0.00      0.00
12650.0    339.45     0.001      0.00      0.00
12700.0    340.26     0.001      0.00      0.00
12750.0    341.07     0.001      0.00      0.00
12800.0    341.88     0.001      0.00      0.00
12850.0    342.69     0.001      0.00      0.00
12900.0    343.50     0.001      0.00      0.00
12950.0    344.32     0.002      0.00      0.00
13000.0    345.13     0.002      0.00      0.00
13050.0    345.95     0.002      0.00      0.00
13100.0    346.77     0.002      0.00      0.00
13150.0    347.60     0.002      0.00      0.00
13200.0    348.42     0.002      0.00      0.00
13250.0    349.25     0.002      0.00      0.00
13300.0    350.08     0.002      0.00      0.00
13350.0    350.91     0.002      0.00      0.00
13400.0    351.74     0.002      0.00      0.00
13450.0    352.57     0.002      0.00      0.00
13500.0    353.41     0.002      0.00      0.00
13550.0    354.25     0.002      0.00      0.00
13600.0    355.09     0.002      0.00      0.00
13650.0    355.93     0.002      0.00      0.00
13700.0    356.78     0.002      0.00      0.00
13750.0    357.62     0.002      0.00      0.00
13800.0    358.47     0.002      0.00      0.00
13850.0    359.32     0.002      0.00      0.00
13900.0    360.17     0.002      0.00      0.00
13950.0    361.03     0.002      0.00      0.00
14000.0    361.89     0.002      0.00      0.00
14050.0    362.75     0.002      0.00      0.00
14100.0    363.61     0.002      0.00      0.00
14150.0    364.47     0.002      0.00      0.00
14200.0    365.33     0.002      0.00      0.00
14250.0    366.20     0.002      0.00      0.00
14300.0    367.07     0.002      0.00      0.00
14350.0    367.94     0.002      0.00      0.00
14400.0    368.81     0.002      0.00      0.00
14450.0    369.69     0.002      0.00      0.00
14500.0    370.57     0.002      0.00      0.00
14550.0    371.45     0.002      0.00      0.00
14600.0    372.33     0.002      0.00      0.00
14650.0    373.21     0.002      0.00      0.00
14700.0    374.10     0.002      0.00      0.00
14750.0    374.98     0.002      0.00      0.00
14800.0    375.87     0.002      0.00      0.00
14850.0    376.77     0.002      0.00      0.00
14900.0    377.66     0.002      0.00      0.00
14950.0    378.56     0.002      0.00      0.00
15000.0    379.45     0.002      0.00      0.00
15050.0    380.35     0.002      0.00      0.00
15100.0    381.26     0.002      0.00      0.00
15150.0    382.16     0.002      0.00      0.00
15200.0    383.07     0.002      0.00      0.00
15250.0    383.98     0.002      0.00      0.00
15300.0    384.89     0.002      0.00      0.00
15350.0    385.80     0.002      0.00      0.00
15400.0    386.72     0.002      0.00      0.00
15450.0    387.63     0.002      0.00      0.00
15500.0    388.55     0.002      0.00      0.00
15550.0    389.48     0.002      0.00      0.00
15600.0    390.40     0.002      0.00      0.00
15650.0    391.33     0.002      0.00      0.00
15700.0    392.26     0.002      0.00      0.00
15750.0    393.19     0.002      0.00      0.00
15800.0    394.12     0.002      0.00      0.00
15850.0    395.05     0.002      0.00      0.00
15900.0    395.99     0.002      0.00      0.00
15950.0    396.93     0.002      0.00      0.00
16000.0    397.87     0.003      0.00      0.00
16050.0    398.82     0.003      0.00      0.00
16100.0    399.76     0.003      0.00      0.00
16150.0    400.71     0.003      0.00      0.00
16200.0    401.66     0.003      0.00      0.00
16250.0    402.62     0.003      0.00      0.00
16300.0    403.57     0.003      0.00      0.00
16350.0    404.53     0.003      0.00      0.00
16400.0    405.49     0.003      0.00      0.00
16450.0    406.45     0.003      0.00      0.00
16500.0    407.42     0.003      0.00      0.00
16550.0    408.38     0.003      0.00      0.00
16600.0    409.35     0.003      0.00      0.00
16650.0    410.32     0.003      0.00      0.00
16700.0    411.30     0.003      0.00      0.00
16750.0    412.27     0.003      0.00      0.00
16800.0    413.25     0.003      0.00      0.00
16850.0    414.23     0.003      0.00      0.00
16900.0    415.22     0.003      0.00      0.00
16950.0    416.20     0.003      0.00      0.00
17000.0    417.19     0.003      0.00      0.00
17050.0    418.18     0.003      0.00      0.00
17100.0    419.17     0.003      0.00      0.00
17150.0    420.16     0.003      0.00      0.00
17200.0    421.16     0.003      0.00      0.00
17250.0    422.16     0.003      0.00      0.00
17300.0    423.16     0.003      0.00      0.00
17350.0    424.17     0.003      0.00      0.00
17400.0    425.17     0.003      0.00      0.00
17450.0    426.18     0.003      0.00      0.00
17500.0    427.19     0.003      0.00      0.00
17550.0    428.21     0.003      0.00      0.00
17600.0    429.22     0.003      0.00      0.00
17650.0    430.24     0.003      0.00      0.00
17700.0    431.26     0.003      0.00      0.00
17750.0    432.29     0.003      0.00      0.00
17800.0    433.31     0.003      0.00      0.00
17850.0    434.34     0.003      0.00      0.00
17900.0    435.37     0.003      0.00      0.00
17950.0    436.40     0.003      0.00      0.00
18000.0    437.44     0.003      0.00      0.00
18050.0    438.48     0.004      0.00      0.00
18100.0    439.52     0.004      0.00      0.00
18150.0    440.56     0.004      0.00      0.00
18200.0    441.61     0.004      0.00      0.00
18250.0    442.65     0.004      0.00      0.00
18300.0    443.70     0.004      0.00      0.00
18350.0    444.76     0.004      0.00      0.00
18400.0    445.81     0.004      0.00      0.00
18450.0    446.87     0.004      0.00      0.00
18500.0    447.93     0.004      0.00      0.00
18550.0    448.99     0.004      0.00      0.00
18600.0    450.06     0.004      0.00      0.00
18650.0    451.13     0.004      0.00      0.00
18700.0    452.20     0.004      0.00      0.00
18750.0    453.27     0.004      0.00      0.00
18800.0    454.35     0.004      0.00      0.00
18850.0    455.42     0.004      0.00      0.00
18900.0    456.51     0.004      0.00      0.00
18950.0    457.59     0.004      0.00      0.00
19000.0    458.67     0.004      0.00      0.00
19050.0    459.76     0.004      0.00      0.00
19100.0    460.85     0.004      0.00      0.00
19150.0    461.95     0.004      0.00      0.00
19200.0    463.04     0.004      0.00      0.00
19250.0    464.14     0.004      0.00      0.00
19300.0    465.24     0.004      0.00      0.00
19350.0    466.35     0.004      0.00      0.00
19400.0    467.45     0.004      0.00      0.00
19450.0    468.56     0.004      0.00      0.00
19500.0    469.68     0.004      0.00      0.00
19550.0    470.79     0.005      0.00      0.00
19600.0    471.91     0.005      0.00      0.00
19650.0    473.03     0.005      0.00      0.00
19700.0    474.15     0.005      0.00      0.00
19750.0    475.27     0.005      0.00      0.00
19800.0    476.40     0.005      0.00      0.00
19850.0    477.53     0.005      0.00      0.00
19900.0    478.67     0.005      0.00      0.00
19950.0    479.80     0.005      0.00      0.00
20000.0    480.94     0.005      0.00      0.00
20050.0    482.08     0.005      0.00      0.00
20100.0    483.23     0.005      0.00      0.00
20150.0    484.37     0.005      0.00      0.00
20200.0    485.52     0.005      0.00      0.00
20250.0    486.67     0.005      0.00      0.00
20300.0    487.83     0.005      0.00      0.00
20350.0    488.99     0.005      0.00      0.00
20400.0    490.15     0.005      0.00      0.00
20450.0    491.31     0.005      0.00      0.00
20500.0    492.48     0.005      0.00      0.00
20550.0    493.64     0.005      0.00      0.00
20600.0    494.82     0.005      0.00      0.00
20650.0    495.99     0.005      0.00      0.00
20700.0    497.17     0.005      0.00      0.00
20750.0    498.35     0.006      0.00      0.00
20800.0    499.53     0.006      0.00      0.00
20850.0    500.71     0.006      0.00      0.00
20900.0    501.90     0.006      0.00      0.00
20950.0    503.09     0.006      0.00      0.00
