1000.00    300.00    14.000
   50.0    300.05    14.0000    0.00    0.00
  150.0    300.18    14.0000    0.00    0.00
  250.0    300.34    14.0000    0.00    0.00
  350.0    300.52    14.0000    0.00    0.00
  450.0    300.71    14.0000    0.00    0.00
  550.0    300.91    14.0000    0.00    0.00
  650.0    301.12    14.0000    0.00    0.00
  750.0    301.34    14.0000    0.00    0.00
  850.0    301.57    14.0000    0.00    0.00
  950.0    301.81    14.0000    0.00    0.00
 1050.0    302.05    14.0000    0.00    0.00
 1150.0    302.29    14.0000    0.00    0.00
 1250.0    302.54    13.8084    0.00    0.00
 1350.0    302.80    13.2727    0.00    0.00
 1450.0    303.06    12.7567    0.00    0.00
 1550.0    303.33    12.2596    0.00    0.00
 1650.0    303.60    11.7806    0.00    0.00
 1750.0    303.88    11.3189    0.00    0.00
 1850.0    304.15    10.8739    0.00    0.00
 1950.0    304.44    10.4449    0.00    0.00
 2050.0    304.72    10.0313    0.00    0.00
 2150.0    305.01    9.6326    0.00    0.00
 2250.0    305.31    9.2482    0.00    0.00
 2350.0    305.60    8.8776    0.00    0.00
 2450.0    305.90    8.5203    0.00    0.00
 2550.0    306.20    8.1758    0.00    0.00
 2650.0    306.51    7.8437    0.00    0.00
 2750.0    306.82    7.5236    0.00    0.00
 2850.0    307.13    7.2150    0.00    0.00
 2950.0    307.44    6.9176    0.00    0.00
 3050.0    307.76    6.6310    0.00    0.00
 3150.0    308.08    6.3548    0.00    0.00
 3250.0    308.40    6.0887    0.00    0.00
 3350.0    308.73    5.8323    0.00    0.00
 3450.0    309.05    5.5853    0.00    0.00
 3550.0    309.38    5.3475    0.00    0.00
 3650.0    309.71    5.1184    0.00    0.00
 3750.0    310.05    4.8979    0.00    0.00
 3850.0    310.38    4.6856    0.00    0.00
 3950.0    310.72    4.4812    0.00    0.00
 4050.0    311.06    4.2846    0.00    0.00
 4150.0    311.40    4.0954    0.00    0.00
 4250.0    311.75    3.9134    0.00    0.00
 4350.0    312.09    3.7384    0.00    0.00
 4450.0    312.44    3.5701    0.00    0.00
 4550.0    312.79    3.4084    0.00    0.00
 4650.0    313.15    3.2529    0.00    0.00
 4750.0    313.50    3.1035    0.00    0.00
 4850.0    313.86    2.9601    0.00    0.00
 4950.0    314.22    2.8222    0.00    0.00
 5050.0    314.57    2.6899    0.00    0.00
 5150.0    314.94    2.5630    0.00    0.00
 5250.0    315.30    2.4411    0.00    0.00
 5350.0    315.67    2.3242    0.00    0.00
 5450.0    316.03    2.2121    0.00    0.00
 5550.0    316.40    2.1046    0.00    0.00
 5650.0    316.77    2.0016    0.00    0.00
 5750.0    317.14    1.9028    0.00    0.00
 5850.0    317.52    1.8083    0.00    0.00
 5950.0    317.89    1.7177    0.00    0.00
 6050.0    318.27    1.6311    0.00    0.00
 6150.0    318.65    1.5481    0.00    0.00
 6250.0    319.03    1.4688    0.00    0.00
 6350.0    319.41    1.3929    0.00    0.00
 6450.0    319.79    1.3204    0.00    0.00
 6550.0    320.17    1.2511    0.00    0.00
 6650.0    320.56    1.1849    0.00    0.00
 6750.0    320.95    1.1217    0.00    0.00
 6850.0    321.34    1.0614    0.00    0.00
 6950.0    321.73    1.0038    0.00    0.00
 7050.0    322.12    0.9489    0.00    0.00
 7150.0    322.51    0.8966    0.00    0.00
 7250.0    322.90    0.8467    0.00    0.00
 7350.0    323.30    0.7992    0.00    0.00
 7450.0    323.70    0.7540    0.00    0.00
 7550.0    324.09    0.7109    0.00    0.00
 7650.0    324.49    0.6700    0.00    0.00
 7750.0    324.90    0.6310    0.00    0.00
 7850.0    325.30    0.5941    0.00    0.00
 7950.0    325.70    0.5589    0.00    0.00
 8050.0    326.11    0.5255    0.00    0.00
 8150.0    326.51    0.4939    0.00    0.00
 8250.0    326.92    0.4638    0.00    0.00
 8350.0    327.33    0.4354    0.00    0.00
 8450.0    327.74    0.4084    0.00    0.00
 8550.0    328.15    0.3828    0.00    0.00
 8650.0    328.56    0.3586    0.00    0.00
 8750.0    328.97    0.3358    0.00    0.00
 8850.0    329.39    0.3141    0.00    0.00
 8950.0    329.80    0.2937    0.00    0.00
 9050.0    330.22    0.2744    0.00    0.00
 9150.0    330.64    0.2562    0.00    0.00
 9250.0    331.06    0.2390    0.00    0.00
 9350.0    331.48    0.2228    0.00    0.00
 9450.0    331.90    0.2075    0.00    0.00
 9550.0    332.32    0.1932    0.00    0.00
 9650.0    332.75    0.1797    0.00    0.00
 9750.0    333.17    0.1670    0.00    0.00
 9850.0    333.60    0.1550    0.00    0.00
 9950.0    334.02    0.1438    0.00    0.00
10050.0    334.45    0.1333    0.00    0.00
10150.0    334.88    0.1235    0.00    0.00
10250.0    335.31    0.1142    0.00    0.00
10350.0    335.74    0.1056    0.00    0.00
10450.0    336.17    0.0975    0.00    0.00
10550.0    336.61    0.0900    0.00    0.00
10650.0    337.04    0.0829    0.00    0.00
10750.0    337.48    0.0763    0.00    0.00
10850.0    337.91    0.0702    0.00    0.00
10950.0    338.35    0.0645    0.00    0.00
11050.0    338.79    0.0592    0.00    0.00
11150.0    339.23    0.0542    0.00    0.00
11250.0    339.67    0.0496    0.00    0.00
11350.0    340.11    0.0454    0.00    0.00
11450.0    340.55    0.0414    0.00    0.00
11550.0    340.99    0.0378    0.00    0.00
11650.0    341.44    0.0344    0.00    0.00
11750.0    341.88    0.0313    0.00    0.00
11850.0    342.33    0.0284    0.00    0.00
11950.0    342.78    0.0257    0.00    0.00
12050.0    343.79    0.0247    0.00    0.00
12150.0    345.36    0.0251    0.00    0.00
12250.0    346.95    0.0256    0.00    0.00
12350.0    348.54    0.0261    0.00    0.00
12450.0    350.14    0.0266    0.00    0.00
12550.0    351.75    0.0270    0.00    0.00
12650.0    353.36    0.0275    0.00    0.00
12750.0    354.99    0.0280    0.00    0.00
12850.0    356.61    0.0286    0.00    0.00
12950.0    358.25    0.0291    0.00    0.00
13050.0    359.90    0.0296    0.00    0.00
13150.0    361.55    0.0302    0.00    0.00
13250.0    363.21    0.0307    0.00    0.00
13350.0    364.87    0.0313    0.00    0.00
13450.0    366.55    0.0319    0.00    0.00
13550.0    368.23    0.0325    0.00    0.00
13650.0    369.92    0.0331    0.00    0.00
13750.0    371.62    0.0337    0.00    0.00
13850.0    373.33    0.0343    0.00    0.00
13950.0    375.04    0.0349    0.00    0.00
14050.0    376.76    0.0356    0.00    0.00
14150.0    378.49    0.0362    0.00    0.00
14250.0    380.23    0.0369    0.00    0.00
14350.0    381.97    0.0376    0.00    0.00
14450.0    383.73    0.0383    0.00    0.00
14550.0    385.49    0.0390    0.00    0.00
14650.0    387.26    0.0397    0.00    0.00
14750.0    389.03    0.0405    0.00    0.00
14850.0    390.82    0.0412    0.00    0.00
14950.0    392.61    0.0420    0.00    0.00
15050.0    394.42    0.0427    0.00    0.00
15150.0    396.23    0.0435    0.00    0.00
15250.0    398.05    0.0444    0.00    0.00
15350.0    399.87    0.0452    0.00    0.00
15450.0    401.71    0.0460    0.00    0.00
15550.0    403.55    0.0469    0.00    0.00
15650.0    405.40    0.0478    0.00    0.00
15750.0    407.26    0.0487    0.00    0.00
15850.0    409.13    0.0496    0.00    0.00
15950.0    411.01    0.0505    0.00    0.00
16050.0    412.90    0.0514    0.00    0.00
16150.0    414.79    0.0524    0.00    0.00
16250.0    416.70    0.0534    0.00    0.00
16350.0    418.61    0.0544    0.00    0.00
16450.0    420.53    0.0554    0.00    0.00
16550.0    422.46    0.0564    0.00    0.00
16650.0    424.40    0.0575    0.00    0.00
16750.0    426.35    0.0586    0.00    0.00
16850.0    428.31    0.0597    0.00    0.00
16950.0    430.27    0.0608    0.00    0.00
17050.0    432.25    0.0619    0.00    0.00
17150.0    434.23    0.0631    0.00    0.00
17250.0    436.22    0.0643    0.00    0.00
17350.0    438.23    0.0655    0.00    0.00
17450.0    440.24    0.0668    0.00    0.00
17550.0    442.26    0.0680    0.00    0.00
17650.0    444.29    0.0693    0.00    0.00
17750.0    446.33    0.0706    0.00    0.00
17850.0    448.38    0.0719    0.00    0.00
17950.0    450.43    0.0733    0.00    0.00
