0.000000000000000000e+00
-4.271611571311950684e-03
-9.403591975569725037e-03
-1.509729586541652679e-02
-2.121971920132637024e-02
-2.769150398671627045e-02
-3.446408361196517944e-02
-4.149792343378067017e-02
-4.876345768570899963e-02
-5.624007061123847961e-02
-5.698453262448310852e-02
-4.830922931432723999e-02
-3.871550410985946655e-02
-2.730579301714897156e-02
-1.614901050925254822e-02
-5.254441872239112854e-03
5.414758808910846710e-03
1.583965681493282318e-02
2.605033479630947113e-02
3.603288531303405762e-02
4.581353068351745605e-02
5.539213493466377258e-02
6.476960331201553345e-02
7.393710315227508545e-02
8.291704207658767700e-02
9.171237796545028687e-02
1.003172919154167175e-01
1.087250486016273499e-01
1.169493868947029114e-01
1.249846294522285461e-01
1.328435242176055908e-01
1.405272930860519409e-01
1.480165719985961914e-01
1.553408205509185791e-01
1.624837368726730347e-01
1.694455593824386597e-01
1.762373000383377075e-01
1.828514337539672852e-01
1.892815530300140381e-01
1.955328136682510376e-01
2.016017735004425049e-01
2.074936181306838989e-01
2.132029384374618530e-01
2.187349945306777954e-01
2.240777015686035156e-01
2.292439639568328857e-01
2.342151701450347900e-01
2.390022277832031250e-01
2.435981482267379761e-01
2.480052262544631958e-01
2.522050440311431885e-01
2.562133371829986572e-01
2.600260078907012939e-01
2.636274993419647217e-01
2.670260667800903320e-01
2.702136933803558350e-01
2.731750607490539551e-01
2.759270071983337402e-01
2.784587740898132324e-01
2.807589471340179443e-01
2.828517854213714600e-01
2.847022414207458496e-01
2.863290309906005859e-01
2.877076566219329834e-01
2.888566553592681885e-01
2.897413969039916992e-01
2.903833687305450439e-01
2.907730638980865479e-01
2.908985316753387451e-01
2.907577455043792725e-01
2.903667390346527100e-01
2.897040247917175293e-01
2.887687981128692627e-01
2.875528633594512939e-01
2.860562503337860107e-01
2.842819988727569580e-01
2.822199463844299316e-01
2.798740267753601074e-01
2.772398293018341064e-01
2.743101418018341064e-01
2.710908353328704834e-01
2.675644755363464355e-01
2.637534737586975098e-01
2.596462070941925049e-01
2.552473545074462891e-01
2.505571544170379639e-01
2.455650269985198975e-01
2.402821183204650879e-01
2.347023338079452515e-01
2.288350760936737061e-01
2.226823866367340088e-01
2.162453830242156982e-01
2.095352560281753540e-01
2.025485485792160034e-01
1.952836513519287109e-01
1.877571791410446167e-01
1.799709498882293701e-01
1.719297617673873901e-01
1.636435538530349731e-01
1.551196873188018799e-01
1.463600695133209229e-01
1.373701244592666626e-01
1.281633526086807251e-01
1.187532097101211548e-01
1.091396361589431763e-01
9.932621568441390991e-02
8.933157473802566528e-02
7.915559411048889160e-02
6.880797445774078369e-02
5.829831957817077637e-02
4.763618856668472290e-02
3.683463111519813538e-02
2.589957974851131439e-02
1.483781449496746063e-02
3.649043850600719452e-03
-7.652962580323219299e-03
-1.906152442097663879e-02
-3.057612664997577667e-02
-4.217877238988876343e-02
-5.386639386415481567e-02
-8.157846331596374512e-02
-1.251697391271591187e-01
-1.686309427022933960e-01
-2.119689732789993286e-01
-2.551681995391845703e-01
-2.982379794120788574e-01
-3.411545753479003906e-01
-3.839400708675384521e-01
-4.265658557415008545e-01
-4.690471887588500977e-01
-5.113694071769714355e-01
-5.535309314727783203e-01
-5.955356359481811523e-01
-6.373795270919799805e-01
-6.790546178817749023e-01
-7.205528616905212402e-01
-7.618978023529052734e-01
-8.030707240104675293e-01
-8.440784811973571777e-01
-8.849013447761535645e-01
-9.255582094192504883e-01
-9.660332798957824707e-01
-1.006360054016113281e+00
-1.046500205993652344e+00
-1.086465477943420410e+00
-1.126262664794921875e+00
-1.165879726409912109e+00
-1.205316901206970215e+00
-1.244584560394287109e+00
-1.283679366111755371e+00
-1.322597026824951172e+00
-1.361335873603820801e+00
-1.399898886680603027e+00
-1.438302516937255859e+00
-1.476543068885803223e+00
-1.514610290527343750e+00
-1.552506089210510254e+00
-1.590226173400878906e+00
-1.627773284912109375e+00
-1.665151000022888184e+00
-1.702358007431030273e+00
-1.739395737648010254e+00
-1.776263594627380371e+00
-1.812972545623779297e+00
-1.849514484405517578e+00
-1.885893225669860840e+00
0.000000000000000000e+00
0.000000000000000000e+00
0.000000000000000000e+00
0.000000000000000000e+00
0.000000000000000000e+00
0.000000000000000000e+00
0.000000000000000000e+00
0.000000000000000000e+00
0.000000000000000000e+00
0.000000000000000000e+00
0.000000000000000000e+00
0.000000000000000000e+00
0.000000000000000000e+00
0.000000000000000000e+00
